{
 "cells": [
  {
   "cell_type": "markdown",
   "id": "24f3aafb",
   "metadata": {},
   "source": [
    "# Two-stage rocket ascent\n",
    "Copyright (c) 2010-2022, Delft University of Technology. All rights reserved. This file is part of the Tudat. Redistribution and use in source and binary forms, with or without modification, are permitted exclusively under the terms of the Modified BSD license. You should have received a copy of the license with this file. If not, please or visit: http://tudat.tudelft.nl/LICENSE.\n",
    "\n",
    "## Context\n",
    "This example demonstrates the simulation of the ascent trajectory of a two stage rocket on Mars. Two simulations are carried: one for each stage. In these simulations, both the dynamic state and the mass of the vehicle are propagated.\n",
    "\n",
    "To ascent to orbit, the rocket needs thrust. This example thus also focuses on demonstrating various ascpect of thrust that are available in Tudat(Py). More specifically, dual thrust is implemented, simulating a solid propellant which burns with a magnitude 1.75 times higher in the 15 first seconds.\n",
    "\n",
    "Aerodynamic guidance is also included, as to very simply update the angle of attack of the vehicle over time, simulating an oscillation between -2deg and 2deg.\n",
    "\n",
    "A custom termination setting is also showcased, used to switch from the first stage to the second stage when apogee is reached."
   ]
  },
  {
   "cell_type": "markdown",
   "id": "c00d1dc2",
   "metadata": {},
   "source": [
    "## Import statements\n",
    "The required import statements are made here, at the very beginning.\n",
    "\n",
    "Some standard modules are first loaded. These are `numpy`, `matplotlib.pyplot`, and `datetime.datetime`.\n",
    "\n",
    "Then, the different modules of `tudatpy` that will be used are imported."
   ]
  },
  {
   "cell_type": "code",
   "execution_count": 1,
   "id": "051dee59",
   "metadata": {},
   "outputs": [],
   "source": [
    "# Load standard modules\n",
    "import numpy as np\n",
    "\n",
    "from matplotlib import pyplot as plt\n",
    "from datetime import datetime\n",
    "\n",
    "# Load tudatpy modules\n",
    "from tudatpy.kernel.interface import spice\n",
    "from tudatpy.kernel import numerical_simulation\n",
    "from tudatpy.kernel.numerical_simulation import environment, environment_setup, propagation, propagation_setup\n",
    "from tudatpy.kernel.astro import element_conversion, time_conversion\n",
    "from tudatpy.kernel import constants\n",
    "from tudatpy.util import result2array"
   ]
  },
  {
   "cell_type": "markdown",
   "id": "b3330666",
   "metadata": {},
   "source": [
    "## Configuration\n",
    "NAIF's `SPICE` kernels are first loaded, so that the position of various bodies such as the Earth can be make known to `tudatpy`.\n",
    "\n",
    "Then, the start and end simulation epochs are setups. In this case, the start epoch is set to the 17th of February 2031. This epoch is first defined using the `datetime` module. Because the times should be specified in seconds since J2000, the `time_conversion module` is then used to convert the `datetime` to the correct format."
   ]
  },
  {
   "cell_type": "code",
   "execution_count": 2,
   "id": "1d05ce93",
   "metadata": {},
   "outputs": [],
   "source": [
    "# Load spice kernels\n",
    "spice.load_standard_kernels()\n",
    "\n",
    "# Set simulation start as the 17th of February 2031\n",
    "simulation_start_datetime = datetime(2031, 2, 17)\n",
    "# Convert simulation start to Julian Days\n",
    "simulation_start_JD = time_conversion.calendar_date_to_julian_day(simulation_start_datetime)\n",
    "# Convert simulation start to seconds since J2000\n",
    "simulation_start_epoch = time_conversion.julian_day_to_seconds_since_epoch(simulation_start_JD)"
   ]
  },
  {
   "cell_type": "markdown",
   "id": "fd20d553",
   "metadata": {},
   "source": [
    "## Environment setup\n",
    "Let’s create the environment for our simulation. This setup covers the creation of (celestial) bodies, vehicle(s), and environment interfaces.\n",
    "\n",
    "### Create the bodies\n",
    "Bodies can be created by making a list of strings with the bodies that is to be included in the simulation.\n",
    "\n",
    "The default body settings (such as atmosphere, body shape, rotation model) are taken from `SPICE`.\n",
    "\n",
    "These settings can be adjusted. Please refere to the [Available Environment Models](https://tudat-space.readthedocs.io/en/latest/_src_user_guide/state_propagation/environment_setup/create_models/available.html#available-environment-models) in the user guide for more details.\n",
    "\n",
    "For our central body Mars, a predefined exponential atmosphere is then loaded.\n",
    "\n",
    "Finally, the system of bodies is created using the settings. This system of bodies is stored into the variable `bodies`."
   ]
  },
  {
   "cell_type": "code",
   "execution_count": 3,
   "id": "855d657b",
   "metadata": {},
   "outputs": [],
   "source": [
    "# Define a function to create a default system of bodies (so it can be reused later)\n",
    "def create_bodies():\n",
    "    # Define string names for bodies to be created from default.\n",
    "    bodies_to_create = [\"Mars\"]\n",
    "\n",
    "    # Use \"Earth\"/\"J2000\" as global frame origin and orientation.\n",
    "    global_frame_origin = \"Mars\"\n",
    "    global_frame_orientation = \"J2000\"\n",
    "\n",
    "    # Create default body settings, usually from `spice`.\n",
    "    body_settings = environment_setup.get_default_body_settings(\n",
    "        bodies_to_create,\n",
    "        global_frame_origin,\n",
    "        global_frame_orientation\n",
    "    )\n",
    "\n",
    "    # Add a predefined exponential atmosphere model for Mars\n",
    "    body_settings.get(\"Mars\").atmosphere_settings = environment_setup.atmosphere.exponential_predefined(\"Mars\")\n",
    "\n",
    "    # Return the system of selected celestial bodies\n",
    "    return environment_setup.create_system_of_bodies(body_settings)\n",
    "    \n",
    "# Create the system of selected celestial bodies\n",
    "bodies = create_bodies()"
   ]
  },
  {
   "cell_type": "markdown",
   "id": "5a43b442",
   "metadata": {},
   "source": [
    "## First section simulation\n",
    "In this example, our rocket consists of two stages. Do note that, further, the nomenclature of rocket **sections** is used, rather than rocket **stages**. The first rocket section contains both the first and the second stage. The second rocket section contains only the second stage. Section 1 is thus before stage separation, and section 2 after.\n",
    "\n",
    "Two distinct propagations will be made, one for each rocket section. The first section is numerically propagated until stage separation at apogee. Then, the second rocket section is propagated with a different body, with different properties, starting from where the first section stopped.\n",
    "\n",
    "In a first time, we will thus focus on the ascent of the first section. Many functions will be defined in this example to setup the propagation of the first section. This is because the second section uses a similar setup, and will later re-use these functions."
   ]
  },
  {
   "cell_type": "markdown",
   "id": "a3ac4c4f",
   "metadata": {},
   "source": [
    "### Create the vehicle\n",
    "Let's now create our vehicle for the first section, called \"Section 1\". It has an initial mass of 370kg."
   ]
  },
  {
   "cell_type": "code",
   "execution_count": 4,
   "id": "f53ff7d9",
   "metadata": {},
   "outputs": [],
   "source": [
    "# Define a function to create a body for a rocket section\n",
    "def create_rocket_section(section_name, wet_mass):\n",
    "    # Create an empty body with the given section name\n",
    "    bodies.create_empty_body(section_name)\n",
    "    # Assign the initial mass of the body (the section wet mass)\n",
    "    bodies.get(section_name).mass = wet_mass\n",
    "\n",
    "# Create the first rocket section body with a wet mass of 370kg\n",
    "create_rocket_section(\"Section 1\", 370.0)"
   ]
  },
  {
   "cell_type": "markdown",
   "id": "8da1affb",
   "metadata": {},
   "source": [
    "To account for the aerodynamic of the first section, let's add an aerodynamic interface to the environment setup, taking the followings into account:\n",
    "- A constant drag coefficient of 0.85.\n",
    "- No sideslip coefficient (equal to 0).\n",
    "- A lift coefficient of 0.4.\n",
    "- A reference area of 0.25m$^2$.\n",
    "- No moment coefficient."
   ]
  },
  {
   "cell_type": "code",
   "execution_count": 5,
   "id": "edd0d50f",
   "metadata": {},
   "outputs": [],
   "source": [
    "# Define a function to add an aerodynamic coefficient interface with the coefficient of a given section\n",
    "def add_aero_coefficients(section_name, CD, CL, ref_area=0.25):\n",
    "    # Create aerodynamic coefficient interface settings\n",
    "    aero_coefficient_settings = environment_setup.aerodynamic_coefficients.constant(\n",
    "        ref_area,\n",
    "        [CD, 0, CL]\n",
    "    )\n",
    "    # Add the aerodynamic coefficient interface settings to the environment, linked to the rocket section\n",
    "    environment_setup.add_aerodynamic_coefficient_interface(\n",
    "        bodies,\n",
    "        section_name,\n",
    "        aero_coefficient_settings\n",
    "    )\n",
    "\n",
    "# Create an aerodynamic coefficient interface for the first rocket section\n",
    "add_aero_coefficients(\"Section 1\", 0.85, 0.4)"
   ]
  },
  {
   "cell_type": "markdown",
   "id": "48e44ea5",
   "metadata": {},
   "source": [
    "### Propagation setup\n",
    "Now that the environment is created, the propagation setup is defined.\n",
    "\n",
    "First, the bodies to be propagated and the central bodies will be defined.\n",
    "Central bodies are the bodies with respect to which the state of the respective propagated bodies is defined.\n",
    "\n",
    "The body to be propagated in the first part of this example is the first rocket section."
   ]
  },
  {
   "cell_type": "code",
   "execution_count": 6,
   "id": "c2a6f96e",
   "metadata": {},
   "outputs": [],
   "source": [
    "# Define bodies that are propagated\n",
    "bodies_to_propagate = [\"Section 1\"]\n",
    "\n",
    "# Define central bodies of propagation\n",
    "central_bodies = [\"Mars\"]"
   ]
  },
  {
   "cell_type": "markdown",
   "id": "5abbe3b9",
   "metadata": {},
   "source": [
    "#### Thrust model\n",
    "Let's now define a thrust class, which will contain all of the functions needed to fully define a custom thrust model.\n",
    "\n",
    "As always in an ascent problem, we cannot use thrust anymore when the current stage has exhausted its propellant. The first function, `is_thrust_on()`, returns True when thrust can be used, and False when all of the propellant has been used.\n",
    "\n",
    "Then, the `get_thrust_magnitude()` function returns the current thrust magnitude. This magnitude is 1.75 times higher in the first 15 seconds, simulating the dual thrust of a solid propellant motor. This results in the following function for the thrust over time, with the time since engine start $t$ in seconds, and the user-set thrust magnitude $F_{T_\\text{set}}$ in Newtons:\n",
    "$$\n",
    "F_T(t) = \n",
    "\\begin{cases}\n",
    "1.75 \\cdot F_{T_\\text{set}} & \\text{if }t < 15 \\\\\n",
    "F_{T_\\text{set}} & \\text{if }t \\geq 15\n",
    "\\end{cases}\n",
    "$$\n",
    "\n",
    "The constant specific impulse is returned by the `get_specific_impulse()` function.\n",
    "\n",
    "Finally, the `get_thrust_direction()` returns the angle of the thrust in the **inertial frame**, as defined by the `vertical_angle` variable that specifies the angle of the thrust w.r.t. the axis going from the vehicle to the centre of Mars (the **vertical frame**). This unit vector that represents the thrust angle in the inertial frame $\\hat{\\mathbf{f}}_T$ is computed as below, with the rotation matrix from the vertical frame to the inertial frame $\\mathbf{R}^{I/V}$ and the specified thrust angle in the vertical frame $\\alpha_V$.\n",
    "\n",
    "$$\n",
    "\\hat{\\mathbf{f}}_T = \\mathbf{R}^{I/V} \\cdot \n",
    "\\begin{bmatrix}\n",
    "0 \\\\\n",
    "\\sin \\alpha_V \\\\\n",
    "-\\cos \\alpha_V\n",
    "\\end{bmatrix}\n",
    "$$"
   ]
  },
  {
   "cell_type": "code",
   "execution_count": 25,
   "id": "5099543a",
   "metadata": {},
   "outputs": [],
   "source": [
    "class thrust_model:\n",
    "\n",
    "    def __init__(self, magnitude, Isp, vertical_angle, propagated_body, section_dry_mass):\n",
    "        self.magnitude = magnitude               # Thrust magnitude [N]\n",
    "        self.Isp = Isp                           # Specific impulse [s]\n",
    "        self.vertical_angle = vertical_angle     # Angle from the vertical [rad]\n",
    "        self.propagated_body = propagated_body   # Body that is being propagated (tudatpy.numerical_simulation.environment.Body)\n",
    "        self.section_dry_mass = section_dry_mass # Dry mass of the section [kg]\n",
    "        self.t0 = None                           # Initial burn time for this section [s]\n",
    "\n",
    "    def is_thrust_on(self, time):\n",
    "        # The thrust is on (true) if the current section mass is strictly greater than its dry mass\n",
    "        return self.propagated_body.mass > self.section_dry_mass\n",
    "\n",
    "    def get_thrust_magnitude(self, time):\n",
    "        # If we are in the 15 first seconds, return 1.75 times the magnitude\n",
    "        # print(time)\n",
    "        if self.t0 is None:\n",
    "            self.t0 = time\n",
    "        if time - self.t0 < 15:\n",
    "            return 1.75*self.magnitude\n",
    "        return self.magnitude\n",
    "\n",
    "    def get_specific_impulse(self, time):\n",
    "        # Return the constant specific impulse\n",
    "        return self.Isp\n",
    "\n",
    "    def get_thrust_direction(self, time):\n",
    "        # Get aerodynamic angle calculator\n",
    "        print(time)\n",
    "        aerodynamic_angle_calculator = self.propagated_body.flight_conditions.aerodynamic_angle_calculator\n",
    "        \n",
    "        # Set thrust in vertical frame and transpose it\n",
    "        thrust_direction_vertical_frame = np.array([[0, np.sin(self.vertical_angle), - np.cos(self.vertical_angle)]]).T\n",
    "        \n",
    "        # Retrieve rotation matrix from vertical to inertial frame from the aerodynamic angle calculator\n",
    "        vertical_to_inertial_frame = aerodynamic_angle_calculator.get_rotation_matrix_between_frames(\n",
    "            environment.AerodynamicsReferenceFrames.vertical_frame,\n",
    "            environment.AerodynamicsReferenceFrames.inertial_frame)\n",
    "        \n",
    "        print(vertical_to_inertial_frame)\n",
    "        \n",
    "        # Compute the thrust in the inertial frame\n",
    "        thrust_inertial_frame = np.dot(vertical_to_inertial_frame,\n",
    "                                    thrust_direction_vertical_frame)\n",
    "        # Return the thrust direction in the inertial frame\n",
    "        return thrust_inertial_frame"
   ]
  },
  {
   "cell_type": "markdown",
   "id": "dda8ce89",
   "metadata": {},
   "source": [
    "#### Define the thrust settings\n",
    "Using the `thrust_model` class that was defined earlier, we can now define thrust acceleration settings for the first rocket section.\n",
    "\n",
    "For this first section, the following parameters are used for the thrust:\n",
    "- A thrust magnitude of 4.25 kN.\n",
    "- A specific impulse of 275 seconds.\n",
    "- A constant thrust angle of 40 deg from the vertical.\n",
    "- A dry mass of the first section of 185 kg (note that the wet mass was defined as 370 kg, so 185 kg of propellant can be used)."
   ]
  },
  {
   "cell_type": "code",
   "execution_count": 26,
   "id": "2eb175da",
   "metadata": {},
   "outputs": [],
   "source": [
    "# Define a function to create acceleration settings based on the direction and magnitude from the custom thrust class\n",
    "def create_body_settings_for_thrust(current_thrust_model, bodies, body_name):\n",
    "    # Define the thrust direction settings for the first section from the custom direction function\n",
    "    rotation_model_settings = environment_setup.rotation_model.custom_inertial_direction_based(\n",
    "        current_thrust_model.get_thrust_direction,\n",
    "                \"J2000\", \"VehicleFixed\"\n",
    "    )\n",
    "    \n",
    "    environment_setup.add_rotation_model( bodies, body_name, rotation_model_settings )\n",
    "\n",
    "\n",
    "    # Define the thrust magnitude settings for the first section from the custom functions\n",
    "    thrust_magnitude_settings = propagation_setup.thrust.custom_thrust_magnitude(\n",
    "        current_thrust_model.get_thrust_magnitude,\n",
    "        current_thrust_model.get_specific_impulse\n",
    "    )\n",
    "    \n",
    "    environment_setup.add_engine_model(\n",
    "    body_name,\n",
    "    \"MainEngine\",\n",
    "    thrust_magnitude_settings,\n",
    "    bodies )\n",
    "\n",
    "\n",
    "# Setup the thrust model for the first section\n",
    "current_thrust_model = thrust_model(4250, 275, np.deg2rad(40), bodies.get(\"Section 1\"), 185)\n",
    "create_body_settings_for_thrust(current_thrust_model, bodies, \"Section 1\")"
   ]
  },
  {
   "cell_type": "markdown",
   "id": "ed6aecc0",
   "metadata": {},
   "source": [
    "#### Create the accelerations model\n",
    "First off, the acceleration settings from the environment that act on the rocket are to be defined.\n",
    "In this case, these consist in the two followings:\n",
    "- Graviational acceleration of Mars modeled as Spherical Harmonics, taken up to a degree and order 4.\n",
    "- Aerodynamic acceleration caused by the atmosphere of Mars (using the aerodynamic interface defined earlier).\n",
    "\n",
    "Additional accelerations are then added for the first rocket section, containing the thrust acceleration settings that were defined earlier.\n",
    "\n",
    "The acceleration settings defined are then applied to the rocket section, and acceleration models are created."
   ]
  },
  {
   "cell_type": "code",
   "execution_count": 27,
   "id": "e92f08cc",
   "metadata": {},
   "outputs": [],
   "source": [
    "# Define a function to create acceleration models for a given rocket section, containing the thrust\n",
    "def create_section_accelerations(section_name):\n",
    "    # Duplicate the environmental accelerations (use copy to avoiding keeping the same dict linked to both sections)\n",
    "    accelerations_on_rocket = {\n",
    "        \"Mars\": [\n",
    "            propagation_setup.acceleration.spherical_harmonic_gravity(4, 4),\n",
    "            propagation_setup.acceleration.aerodynamic()\n",
    "        ],\n",
    "        section_name: [\n",
    "            propagation_setup.acceleration.thrust_from_all_engines( )\n",
    "        ]\n",
    "    }\n",
    "\n",
    "    # Create acceleration models for the given section\n",
    "    return propagation_setup.create_acceleration_models(\n",
    "        bodies,\n",
    "        {section_name: accelerations_on_rocket},\n",
    "        bodies_to_propagate,\n",
    "        central_bodies\n",
    "    )\n",
    "\n",
    "\n",
    "# Define the acceleration models for the first rocket section\n",
    "acceleration_models = create_section_accelerations(\"Section 1\")\n"
   ]
  },
  {
   "cell_type": "markdown",
   "id": "20b91885",
   "metadata": {},
   "source": [
    "### Define the initial state\n",
    "The initial state of the rocket for which the ascent will be propagated is now defined. \n",
    "\n",
    "This initial state always has to be provided as a cartesian state, in the form of a list with the first three elements reprensenting the initial position, and the three remaining elements representing the initial velocity.\n",
    "\n",
    "In this case, let's make use of the `spherical_to_cartesian_elementwise()` function that is included in the `element_conversion` module, so that the initial state can be input as Spherical elements, and then converted in Cartesian elements.\n",
    "\n",
    "The initial state that will be defined is the one of the entire rocket, which is the same as the one used for the first section."
   ]
  },
  {
   "cell_type": "code",
   "execution_count": 28,
   "id": "2532c6e5",
   "metadata": {},
   "outputs": [],
   "source": [
    "# Define the initial state in Spherical elements, and convert to Mars fixed Cartesian elements\n",
    "initial_mars_fixed_state = element_conversion.spherical_to_cartesian_elementwise(\n",
    "    radial_distance=bodies.get_body(\"Mars\").shape_model.average_radius + 500,\n",
    "    latitude=np.deg2rad(18.85),\n",
    "    longitude=np.deg2rad(77.52),\n",
    "    speed=1.0,\n",
    "    flight_path_angle=np.deg2rad(40),\n",
    "    heading_angle=0\n",
    ")\n",
    "\n",
    "# Convert the Mars fixed initial state to the inertial frame\n",
    "initial_inertial_state = environment.transform_to_inertial_orientation(\n",
    "    initial_mars_fixed_state, simulation_start_epoch, bodies.get_body(\"Mars\").rotation_model\n",
    ")"
   ]
  },
  {
   "cell_type": "markdown",
   "id": "b5fefb71",
   "metadata": {},
   "source": [
    "### Define dependent variables to save\n",
    "Different dependent variables can be saved alongside the state of the vehicle during the propagation. In this example, we are particularily interested in saving the altitude, airspeed, dynamic pressure, and mass of the first rocket section. In addition, various acceleration norms are defined to be saved as dependent variables."
   ]
  },
  {
   "cell_type": "code",
   "execution_count": 29,
   "id": "d57aa550",
   "metadata": {},
   "outputs": [],
   "source": [
    "# Define a function to return the list of dependent variables to save for a given section\n",
    "def define_dependent_variables_to_save(section_name):\n",
    "    return [\n",
    "        propagation_setup.dependent_variable.altitude( section_name, \"Mars\" ),\n",
    "        propagation_setup.dependent_variable.airspeed( section_name, \"Mars\" ),\n",
    "        propagation_setup.dependent_variable.dynamic_pressure( section_name ),\n",
    "        propagation_setup.dependent_variable.body_mass( section_name ),\n",
    "        propagation_setup.dependent_variable.total_acceleration_norm( section_name ),\n",
    "        propagation_setup.dependent_variable.single_acceleration_norm(\n",
    "            propagation_setup.acceleration.spherical_harmonic_gravity_type, section_name, \"Mars\"),\n",
    "        propagation_setup.dependent_variable.single_acceleration_norm(\n",
    "            propagation_setup.acceleration.thrust_acceleration_type, section_name, section_name),\n",
    "        propagation_setup.dependent_variable.single_acceleration_norm(\n",
    "            propagation_setup.acceleration.aerodynamic_type, section_name, \"Mars\")\n",
    "    ]\n",
    "    \n",
    "# Define the dependent variables to save for the first rocket section\n",
    "dependent_variables_to_save = define_dependent_variables_to_save(\"Section 1\")"
   ]
  },
  {
   "cell_type": "markdown",
   "id": "657f5fcb",
   "metadata": {},
   "source": [
    "### Define termination settings\n",
    "Termination settings define the conditions that, once reached, will stop the propagation.\n",
    "\n",
    "In this case, for the first rocket section, two termination settings are used:\n",
    "- Stop when the vehicle starts falling again, indicating that it reached apogee.\n",
    "- Stop 225 minutes after lift-off."
   ]
  },
  {
   "cell_type": "code",
   "execution_count": 30,
   "id": "6cce1981",
   "metadata": {},
   "outputs": [],
   "source": [
    "class vehicle_falling:\n",
    "    \n",
    "    def __init__(self, body, initial_time):\n",
    "        # Initialise the class used to compute wether a body is falling or not\n",
    "        self.body = body\n",
    "        self.last_h = -np.inf\n",
    "        self.init_t = initial_time\n",
    "        \n",
    "    def is_it_falling(self, time):\n",
    "        # Compute the difference in altitude since this function was last called\n",
    "        dh = self.body.flight_conditions.altitude - self.last_h\n",
    "        self.last_h = self.body.flight_conditions.altitude\n",
    "        # Compute how far from lift-off we are\n",
    "        time_elapsed = time - self.init_t\n",
    "        # Return True (vehicle is falling) if the vehicle looses altitude, and lift-off was more than a second ago\n",
    "        return dh < 0 and time_elapsed > 1\n",
    "\n",
    "# Define a termination setting based on the custom function defining wether the vehicle falls or not\n",
    "vehicle_falling_model = vehicle_falling(bodies.get(\"Section 1\"), simulation_start_epoch)\n",
    "termination_apogee_settings = propagation_setup.propagator.custom_termination(vehicle_falling_model.is_it_falling)\n",
    "\n",
    "# Define a termination setting to stop 225 minutes after lift-off\n",
    "end_epoch = simulation_start_epoch + 225*60\n",
    "termination_max_time_settings = propagation_setup.propagator.time_termination(end_epoch)\n",
    "\n",
    "# Combine both termination settings into a hybrid termination\n",
    "combined_termination_settings = propagation_setup.propagator.hybrid_termination(\n",
    "    [termination_apogee_settings, termination_max_time_settings],\n",
    "    fulfill_single_condition=True\n",
    ")"
   ]
  },
  {
   "cell_type": "markdown",
   "id": "659cc89d",
   "metadata": {},
   "source": [
    "### Create integrator settings\n",
    "Let's now create integrator settings. These use a RK78 intergration scheme with a variable step size. The following settings are used:\n",
    "- An initial time step of 0.25 seconds.\n",
    "- A minimum time step of 1e-4 seconds.\n",
    "- A maximum time step of 100 seconds.\n",
    "- A relative and absolute error tolerance of 1e-13."
   ]
  },
  {
   "cell_type": "code",
   "execution_count": 31,
   "id": "46185bac",
   "metadata": {},
   "outputs": [],
   "source": [
    "# Define integrator settings with the initial integration epoch\n",
    "def define_integrator_settings():\n",
    "    initial_time_step = 0.25\n",
    "    minimum_time_step = 1e-5\n",
    "    maximum_time_step = 100\n",
    "    return propagation_setup.integrator.runge_kutta_variable_step_size(\n",
    "        initial_time_step,\n",
    "        propagation_setup.integrator.rkf_78,\n",
    "        minimum_time_step,\n",
    "        maximum_time_step,\n",
    "        relative_error_tolerance=1e-14,\n",
    "        absolute_error_tolerance=1e-14)\n",
    "\n",
    "# Define the integrator settings\n",
    "integrator_settings = define_integrator_settings()"
   ]
  },
  {
   "cell_type": "markdown",
   "id": "feda66a6",
   "metadata": {},
   "source": [
    "### Create propagator settings\n",
    "The acceleration models, the initial state, the dependent variables, and the termination settings can now all be combined to define translational propagation settings.\n",
    "Also, in this case, a Cowell propagator is selected.\n",
    "\n",
    "Since we use thrust, we also define mass propagation settings, with the mass rate being setup to be consistant with the thrust.\n",
    "\n",
    "The translational and mass propagation settings are combined together, to propagate both in the same propagation."
   ]
  },
  {
   "cell_type": "code",
   "execution_count": 32,
   "id": "4179486d",
   "metadata": {},
   "outputs": [],
   "source": [
    "# Define a function to create translational and mass propagation settings for a given rocket section\n",
    "def create_propagator_settings(section_name, initial_state, simulation_start_epoch, initial_mass, termination_settings, integrator_settings):\n",
    "    # Define the translational propagator settings with a Cowell propagator\n",
    "    translational_propagator_settings = propagation_setup.propagator.translational(\n",
    "        central_bodies,\n",
    "        acceleration_models,\n",
    "        bodies_to_propagate,\n",
    "        initial_state,\n",
    "        simulation_start_epoch,\n",
    "        integrator_settings,\n",
    "        termination_settings,\n",
    "        propagation_setup.propagator.cowell,\n",
    "        output_variables=dependent_variables_to_save\n",
    "    )\n",
    "    # Define a mass rate model so that the mass lost by the rocket is consistant with its thrust and specific impulse\n",
    "    mass_rate_settings = {section_name:[propagation_setup.mass_rate.from_thrust()]}\n",
    "    mass_rate_models = propagation_setup.create_mass_rate_models(\n",
    "        bodies,\n",
    "        mass_rate_settings,\n",
    "        acceleration_models\n",
    "    )\n",
    "    # Define the mass propagator settings, taking the initial section mass into account\n",
    "    mass_propagator_settings = propagation_setup.propagator.mass(\n",
    "        bodies_to_propagate,\n",
    "        mass_rate_models,\n",
    "        [initial_mass],\n",
    "        simulation_start_epoch,\n",
    "        integrator_settings,\n",
    "        termination_settings\n",
    "    )\n",
    "    # Return the translational and mass propagator settings combined\n",
    "    return propagation_setup.propagator.multitype(\n",
    "        [translational_propagator_settings, mass_propagator_settings],\n",
    "        integrator_settings,\n",
    "        simulation_start_epoch,\n",
    "        termination_settings,\n",
    "        dependent_variables_to_save\n",
    "    )\n",
    "    \n",
    "# Define the translational and mass propagator settings for the first rocket section\n",
    "propagator_settings = create_propagator_settings(\"Section 1\", initial_inertial_state, simulation_start_epoch, 370, combined_termination_settings, integrator_settings)"
   ]
  },
  {
   "cell_type": "markdown",
   "id": "282a2a0e",
   "metadata": {},
   "source": [
    "### Run the first section ascent\n",
    "With everything being now setup, we can finally run the ascent simulation of the first rocket section (containing both the first and the second stage). This is done by calling the `create_dynamics_simulator()` function.\n",
    "\n",
    "The state and dependent variables history is then extracted from the dynamics simulator, and converted to multi-dimensional numpy arrays, using the `result2array()` from tudatpy utils. Do mind that using `result2array` will shift all elements by 1 column to the right, since a first column will be added, containing the apochs."
   ]
  },
  {
   "cell_type": "code",
   "execution_count": 33,
   "id": "659f817e",
   "metadata": {},
   "outputs": [
    {
     "name": "stdout",
     "output_type": "stream",
     "text": [
      "nan\n",
      "[[ 0.52442349  0.83666983  0.15799874]\n",
      " [-0.09524715 -0.12675292  0.98735084]\n",
      " [ 0.84611346 -0.5328389   0.01321821]]\n",
      "nan\n",
      "[[ 0.52442349  0.83666983  0.15799874]\n",
      " [-0.09524715 -0.12675292  0.98735084]\n",
      " [ 0.84611346 -0.5328389   0.01321821]]\n",
      "982324800.0\n",
      "[[ 0.55921562  0.78811051  0.25721533]\n",
      " [-0.10038103 -0.24361033  0.96466453]\n",
      " [ 0.82292256 -0.56527501 -0.05711936]]\n",
      "nan\n",
      "[[ 0.55921562  0.78811051  0.25721533]\n",
      " [-0.10038103 -0.24361033  0.96466453]\n",
      " [ 0.82292256 -0.56527501 -0.05711936]]\n",
      "nan\n",
      "[[ 0.55921562  0.78811051  0.25721533]\n",
      " [-0.10038103 -0.24361033  0.96466453]\n",
      " [ 0.82292256 -0.56527501 -0.05711936]]\n",
      "982324800.0\n",
      "[[ 0.55921562  0.78811051  0.25721533]\n",
      " [-0.10038103 -0.24361033  0.96466453]\n",
      " [ 0.82292256 -0.56527501 -0.05711936]]\n",
      "nan\n",
      "[[ 0.55921562  0.78811051  0.25721533]\n",
      " [-0.10038103 -0.24361033  0.96466453]\n",
      " [ 0.82292256 -0.56527501 -0.05711936]]\n",
      "nan\n",
      "[[ 0.55921562  0.78811051  0.25721533]\n",
      " [-0.10038103 -0.24361033  0.96466453]\n",
      " [ 0.82292256 -0.56527501 -0.05711936]]\n",
      "982324800.0185186\n",
      "[[ 0.55921528  0.78811106  0.25721435]\n",
      " [-0.10038093 -0.24360918  0.96466483]\n",
      " [ 0.8229228  -0.56527473 -0.05711866]]\n",
      "nan\n",
      "[[ 0.55921528  0.78811106  0.25721435]\n",
      " [-0.10038093 -0.24360918  0.96466483]\n",
      " [ 0.8229228  -0.56527473 -0.05711866]]\n",
      "nan\n",
      "[[ 0.55921528  0.78811106  0.25721435]\n",
      " [-0.10038093 -0.24360918  0.96466483]\n",
      " [ 0.8229228  -0.56527473 -0.05711866]]\n",
      "982324800.0277778\n",
      "[[ 0.55921512  0.78811134  0.25721386]\n",
      " [-0.10038087 -0.2436086   0.96466498]\n",
      " [ 0.82292292 -0.56527459 -0.05711831]]\n",
      "nan\n",
      "[[ 0.55921512  0.78811134  0.25721386]\n",
      " [-0.10038087 -0.2436086   0.96466498]\n",
      " [ 0.82292292 -0.56527459 -0.05711831]]\n",
      "nan\n",
      "[[ 0.55921512  0.78811134  0.25721386]\n",
      " [-0.10038087 -0.2436086   0.96466498]\n",
      " [ 0.82292292 -0.56527459 -0.05711831]]\n",
      "982324800.0416666\n",
      "[[ 0.55921487  0.78811176  0.25721312]\n",
      " [-0.10038079 -0.24360773  0.96466521]\n",
      " [ 0.8229231  -0.56527438 -0.05711778]]\n",
      "nan\n",
      "[[ 0.55921487  0.78811176  0.25721312]\n",
      " [-0.10038079 -0.24360773  0.96466521]\n",
      " [ 0.8229231  -0.56527438 -0.05711778]]\n",
      "nan\n",
      "[[ 0.55921487  0.78811176  0.25721312]\n",
      " [-0.10038079 -0.24360773  0.96466521]\n",
      " [ 0.8229231  -0.56527438 -0.05711778]]\n",
      "982324800.1041666\n",
      "[[ 0.55921374  0.78811364  0.2572098 ]\n",
      " [-0.10038043 -0.24360382  0.96466624]\n",
      " [ 0.82292391 -0.56527344 -0.05711542]]\n",
      "nan\n",
      "[[ 0.55921374  0.78811364  0.2572098 ]\n",
      " [-0.10038043 -0.24360382  0.96466624]\n",
      " [ 0.82292391 -0.56527344 -0.05711542]]\n",
      "nan\n",
      "[[ 0.55921374  0.78811364  0.2572098 ]\n",
      " [-0.10038043 -0.24360382  0.96466624]\n",
      " [ 0.82292391 -0.56527344 -0.05711542]]\n",
      "982324800.125\n",
      "[[ 0.55921336  0.78811427  0.25720869]\n",
      " [-0.10038031 -0.24360251  0.96466658]\n",
      " [ 0.82292418 -0.56527313 -0.05711463]]\n",
      "nan\n",
      "[[ 0.55921336  0.78811427  0.25720869]\n",
      " [-0.10038031 -0.24360251  0.96466658]\n",
      " [ 0.82292418 -0.56527313 -0.05711463]]\n",
      "nan\n",
      "[[ 0.55921336  0.78811427  0.25720869]\n",
      " [-0.10038031 -0.24360251  0.96466658]\n",
      " [ 0.82292418 -0.56527313 -0.05711463]]\n",
      "982324800.2083334\n",
      "[[ 0.55921186  0.78811679  0.25720425]\n",
      " [-0.10037982 -0.24359729  0.96466795]\n",
      " [ 0.82292526 -0.56527187 -0.05711147]]\n",
      "nan\n",
      "[[ 0.55921186  0.78811679  0.25720425]\n",
      " [-0.10037982 -0.24359729  0.96466795]\n",
      " [ 0.82292526 -0.56527187 -0.05711147]]\n",
      "nan\n",
      "[[ 0.55921186  0.78811679  0.25720425]\n",
      " [-0.10037982 -0.24359729  0.96466795]\n",
      " [ 0.82292526 -0.56527187 -0.05711147]]\n",
      "982324800.0416666\n",
      "[[ 0.55921487  0.78811176  0.25721312]\n",
      " [-0.10038079 -0.24360773  0.96466521]\n",
      " [ 0.8229231  -0.56527438 -0.05711778]]\n",
      "nan\n",
      "[[ 0.55921487  0.78811176  0.25721312]\n",
      " [-0.10038079 -0.24360773  0.96466521]\n",
      " [ 0.8229231  -0.56527438 -0.05711778]]\n",
      "nan\n",
      "[[ 0.55921487  0.78811176  0.25721312]\n",
      " [-0.10038079 -0.24360773  0.96466521]\n",
      " [ 0.8229231  -0.56527438 -0.05711778]]\n",
      "982324800.1666666\n",
      "[[ 0.55921261  0.78811553  0.25720647]\n",
      " [-0.10038006 -0.2435999   0.96466726]\n",
      " [ 0.82292472 -0.5652725  -0.05711305]]\n",
      "nan\n",
      "[[ 0.55921261  0.78811553  0.25720647]\n",
      " [-0.10038006 -0.2435999   0.96466726]\n",
      " [ 0.82292472 -0.5652725  -0.05711305]]\n",
      "nan\n",
      "[[ 0.55921261  0.78811553  0.25720647]\n",
      " [-0.10038006 -0.2435999   0.96466726]\n",
      " [ 0.82292472 -0.5652725  -0.05711305]]\n",
      "982324800.0833334\n",
      "[[ 0.55921412  0.78811301  0.25721091]\n",
      " [-0.10038055 -0.24360512  0.96466589]\n",
      " [ 0.82292364 -0.56527376 -0.05711621]]\n",
      "nan\n",
      "[[ 0.55921412  0.78811301  0.25721091]\n",
      " [-0.10038055 -0.24360512  0.96466589]\n",
      " [ 0.82292364 -0.56527376 -0.05711621]]\n",
      "nan\n",
      "[[ 0.55921412  0.78811301  0.25721091]\n",
      " [-0.10038055 -0.24360512  0.96466589]\n",
      " [ 0.82292364 -0.56527376 -0.05711621]]\n",
      "982324800.25\n",
      "[[ 0.5592111   0.78811805  0.25720203]\n",
      " [-0.10037958 -0.24359467  0.96466864]\n",
      " [ 0.82292581 -0.56527124 -0.05710988]]\n",
      "nan\n",
      "[[ 0.5592111   0.78811805  0.25720203]\n",
      " [-0.10037958 -0.24359467  0.96466864]\n",
      " [ 0.82292581 -0.56527124 -0.05710988]]\n",
      "nan\n",
      "[[ 0.5592111   0.78811805  0.25720203]\n",
      " [-0.10037958 -0.24359467  0.96466864]\n",
      " [ 0.82292581 -0.56527124 -0.05710988]]\n",
      "982324800.0\n",
      "[[ 0.55921562  0.78811051  0.25721533]\n",
      " [-0.10038103 -0.24361033  0.96466453]\n",
      " [ 0.82292256 -0.56527501 -0.05711936]]\n",
      "nan\n",
      "[[ 0.55921562  0.78811051  0.25721533]\n",
      " [-0.10038103 -0.24361033  0.96466453]\n",
      " [ 0.82292256 -0.56527501 -0.05711936]]\n",
      "nan\n",
      "[[ 0.55921562  0.78811051  0.25721533]\n",
      " [-0.10038103 -0.24361033  0.96466453]\n",
      " [ 0.82292256 -0.56527501 -0.05711936]]\n",
      "982324800.25\n",
      "[[ 0.5592111   0.78811805  0.25720203]\n",
      " [-0.10037958 -0.24359467  0.96466864]\n",
      " [ 0.82292581 -0.56527124 -0.05710988]]\n",
      "nan\n",
      "[[ 0.5592111   0.78811805  0.25720203]\n",
      " [-0.10037958 -0.24359467  0.96466864]\n",
      " [ 0.82292581 -0.56527124 -0.05710988]]\n",
      "nan\n",
      "[[ 0.5592111   0.78811805  0.25720203]\n",
      " [-0.10037958 -0.24359467  0.96466864]\n",
      " [ 0.82292581 -0.56527124 -0.05710988]]\n",
      "982324800.25\n",
      "[[ 0.5592111   0.78811805  0.25720203]\n",
      " [-0.10037958 -0.24359467  0.96466864]\n",
      " [ 0.82292581 -0.56527124 -0.05710988]]\n",
      "nan\n",
      "[[ 0.5592111   0.78811805  0.25720203]\n",
      " [-0.10037958 -0.24359467  0.96466864]\n",
      " [ 0.82292581 -0.56527124 -0.05710988]]\n",
      "nan\n",
      "[[ 0.5592111   0.78811805  0.25720203]\n",
      " [-0.10037958 -0.24359467  0.96466864]\n",
      " [ 0.82292581 -0.56527124 -0.05710988]]\n",
      "982324800.25\n",
      "[[ 0.5592111   0.78811805  0.25720203]\n",
      " [-0.10037958 -0.24359467  0.96466864]\n",
      " [ 0.82292581 -0.56527124 -0.05710988]]\n",
      "nan\n",
      "[[ 0.5592111   0.78811805  0.25720203]\n",
      " [-0.10037958 -0.24359467  0.96466864]\n",
      " [ 0.82292581 -0.56527124 -0.05710988]]\n",
      "nan\n",
      "[[ 0.5592111   0.78811805  0.25720203]\n",
      " [-0.10037958 -0.24359467  0.96466864]\n",
      " [ 0.82292581 -0.56527124 -0.05710988]]\n",
      "982324800.324074\n",
      "[[ 0.55920976  0.7881203   0.25719807]\n",
      " [-0.10037915 -0.24359001  0.96466986]\n",
      " [ 0.82292677 -0.56527012 -0.05710707]]\n",
      "nan\n",
      "[[ 0.55920976  0.7881203   0.25719807]\n",
      " [-0.10037915 -0.24359001  0.96466986]\n",
